AMG208
25, 50, 100, 150, 200, 300, 400
nausea
0.17, 0.5, 0, 0.33, 0.13, 0.4, 0.73
0, 0, 0, 0, 0, 0, 0
fatigue
0.33, 0.5, 0.5, 1, 0.19, 0.4, 0.73
0, 0, 0, 0, 0, 0, 0
anaemia
0, 0, 0.5, 0.67, 0.25, 0.1, 0.09
0, 0, 0.25, 0, 0.06, 0.1, 0
hypertension
0, 0, 0.25, 0, 0.38, 0.2, 0.27
0, 0, 0, 0, 0, 0, 0.18
long QT
0, 0, 0, 0, 0, 0, 0
0, 0, 0, 0, 0, 0.1, 0.09
lenvatinib
6.5, 15, 25, 32
nausea
0.38, 0.17, 0.58, 0.43
0, 0, 0, 0
vomiting
0.33, 0.1, 0.33, 0.4
0, 0, 0, 0
diarrhoea
0.19, 0.27, 0.5, 0.57
0, 0, 0, 0
hypertension
0.1, 0.4, 0.63, 0.57
0.05, 0.1, 0.13, 0.29
proteinuria
0.14, 0.27, 0.29, 0.43
0, 0.07, 0.08, 0.29
olaparib
100, 200, 400, 600
fatigue
0.2, 0.2, 0.62, 0.8
0, 0.05, 0, 0
anorexia
0, 0.1, 0, 0.4
0, 0, 0, 0
vomiting
0, 0.25, 0, 0.6
0, 0, 0.12, 0
dysgeusia
0, 0.1, 0.12, 0.6
0, 0, 0, 0
lymphopenia
0, 0, 0, 0
0, 0.1, 0.12, 0
HSP990
2.5, 5, 10, 20, 30, 50, 60
asthenia
0, 0.4, 0.29, 0.33, 0.4, 0.5, 0.6
0, 0, 0, 0.17, 0, 0.04, 0
diarrhoea
0, 0.6, 0.29, 1, 0.8, 0.82, 1
0, 0, 0, 0.17, 0, 0.09, 0.4
tremor
0, 0, 0, 0, 0, 0.27, 0.6
0, 0, 0, 0, 0, 0, 0.2
anorexia
0.33, 0, 0.29, 0.17, 0.2, 0.32, 0.4
0, 0, 0, 0, 0, 0, 0
ALT/AST
0, 0, 0, 0.17, 0, 0.09, 0.2
0, 0, 0, 0, 0, 0.09, 0
drugX
200, 300, 400, 500, 600, 700, 800
neutropenia
0, 0, 0, 0.2, 0.3, 0.7, 0.8
0, 0, 0, 0, 0.2, 0.25, 0.4
thrombocytopenia
0, 0.2, 0.25, 0.38, 0.55, 0.6, 0
0, 0.1, 0.2, 0.33, 0.5, 0.55, 0
atrial fibrillation
0, 0, 0, 0, 0, 0, 0
0, 0, 0, 0, 0, 0.1, 0.75
neuropathy
0, 0, 0, 0, 0, 0.1, 0.1
0, 0, 0, 0, 0, 0.1, 0.1
vomiting
0.15, 0.3, 0.4, 0.5, 0.6, 0.7, 0.8
0, 0, 0, 0, 0, 0, 0.3

