AMG208
25, 50, 100, 150, 200, 300, 400
CR
0, 0, 0, 0, 0, 0.14, 0
PR
0, 0, 0, 0, 0.11, 0, 0.2
SD
0.66, 0.5, 1, 0, 0.55, 0.71, 1
PD
1, 1, 1, 1, 1, 1, 1
lenvatinib
6.5, 15, 25, 32
CR
0, 0, 0, 0
PR
0, 0.07, 0.13, 0.29
SD
0.19, 0.57, 0.8, 0.72
PD
1, 1, 1, 1
olaparib
100, 200, 400, 600
CR
0, 0, 0.17, 0.17
PR
0, 0, 0.17, 0.17
SD
0, 0.33, 0.67, 0.5
PD
0, 0, 0, 0.17
HSP990
2.5, 5, 10, 20, 30, 50, 60
CR
0, 0, 0, 0, 0, 0, 0
PR
0, 0, 0, 0, 0, 0, 0
SD
0.33, 0, 0.29, 0.5, 0, 0.5, 0.5
PD
1, 1, 1, 1, 1, 1, 1
drugX
50, 100, 200, 300, 400, 600, 800
CR
0, 0, 0, 0, 0, 0, 0
PR
0, 0, 0, 0, 0, 0.08, 0
SD
0.2, 0.5, 0, 0.25, 0.43, 0.86, 1
PD
1, 1, 1, 1, 1, 1, 1

